46
19 18
38 34
1010100000010111011001001010110010111110111010
1000111101101000101111011100111010111000110001
0111011000000011000111010110111101011000101000
1011001101010111100000101000111011000010100101
1001001010100000000100011001001010011110011101
1111011001000101101111110010010011001010111110
1001100001110101011100010000100100111001010101
0100100010111110111011011101001000011011100011
1010000000111010111100000001100001111001011000
1101111110001010111111010011011111101100100001
1101100110011100110000000011001001110101101111
1000111010111011010011010111110101100110010001
1001101110100110001000110101110101001110011111
1011101110100011000101010001000001010100000111
1001001001010000101110010110111000000111110101
0001001101101101101010011110011010100010010100
1111000101010000100100001000001010000001010011
1101010111111000010000111101101001110100010011
0101100111111011111000011110110011100111000010
0100111110110100000000011111101010100100001011
0010110110111111110011010110101101111010100010
1100110110110110011011101001010011000001000100
1000011110111111011000001111111100000011101011
0000010110010001100001101000011110111010110000
0101101001011011111010100010100010111010001011
0101000101011010111011110110011011101101000100
1101001111111101000011011010101111001101100011
0000011111010100010001010101010110010111010100
1010110001010101101100101100011110100110110000
1100111010000000101111011000010010001111000100
1100110011101001110000110101001001000101100011
0101011100111100000101010000111110110011000010
0001111100110110001000011101011101011001100010
1000010000110000010101000011001010110101000110
0111011101001111001111000111000101110110010000
0100001101010000001100100110000101001011111000
1000000100011111101110010001000001001101010011
0111111000111011000111110110010110011101111110
1011001000111110110111001111011101010010000000
0110001011110011010110111010000100101100010000
1001100010010001110101000110011101001010110011
1010111000001110111011001110110100010001100001
1011001000100011011110110010111100110110000101
1101111000101100010101001010111011011100001010
1111100111101111110000011011101100111000000101
1111011101110011100001010111001011000110111011

