28
12 13
0 22
1100111101101101100110000101
1010111011011011001011011000
1010100001100011100001001111
0111011100010011111111000010
1011000011000001111011111110
0111101010000101110110010000
0100101101100001011111000100
0100100111111010000000001100
0001100101100100101010101010
1011110001100111100010110010
1110110111001111110010110010
0111111101010100001011001100
1101111111001001001000000101
1011001000110101111011101111
1001101100011110000110011100
1101100001101100110100101011
0101100111110011000011000001
1001110001000000110001010100
1111011011101010101000111101
1011100011000101010110101101
0110100011111100011111111100
1011011000100100101110001100
0000111110111000000110100100
1110001000011101000000111011
1001000100010001011100011001
0000100001101110100110000111
1000000101101000110001111110
0111010010010100111110100101
